Manual trigger reset! Waiting for next signal...

Trigger at idx=499 raw=2328
Capture ready: pre-trigger + post-trigger window complete.


2742,2356,2318,2284,2249,2219,2187,2158,2131,2107,2086,2067,2052,2041,2034,2028,2028,2031,2039,2052,2065,2084,2108,2131,2158,2188,2218,2251,2285,2322,2358,2395,2431,2464,2500,2534,2564,2595,2620,2643,2663,2681,2695,2707,2712,2713,2712,2706,2695,2686,2666,2647,2623,2597,2567,2538,2505,2471,2436,2396,2366,2329,2293,2259,2227,2196,2166,2140,2115,2095,2077,2062,2051,2043,2040,2040,2045,2052,2064,2081,2099,2123,2146,2175,2205,2236,2270,2303,2340,2376,2412,2449,2484,2520,2553,2583,2611,2637,2659,2678,2696,2710,2717,2723,2727,2727,2715,2707,2691,2675,2654,2631,2604,2574,2543,2508,2475,2439,2404,2368,2332,2296,2262,2228,2198,2169,2142,2119,2097,2080,2066,2056,2050,2047,2046,2052,2061,2073,2089,2110,2132,2158,2186,2215,2248,2283,2318,2355,2388,2427,2460,2497,2532,2563,2595,2623,2648,2668,2689,2704,2718,2727,2729,2731,2729,2720,2708,2695,2676,2656,2632,2604,2575,2543,2510,2475,2438,2401,2367,2329,2295,2263,2227,2198,2169,2143,2120,2099,2083,2068,2062,2054,2051,2053,2059,2068,2079,2095,2118,2140,2165,2195,2225,2260,2292,2328,2364,2399,2436,2473,2508,2542,2572,2604,2631,2656,2679,2696,2712,2721,2731,2734,2734,2735,2723,2712,2700,2676,2655,2632,2601,2572,2540,2507,2471,2433,2398,2362,2327,2292,2259,2225,2196,2168,2140,2119,2098,2081,2068,2059,2054,2055,2056,2060,2074,2087,2104,2124,2147,2174,2204,2233,2267,2300,2336,2372,2408,2446,2480,2516,2551,2582,2609,2639,2663,2684,2702,2716,2727,2733,2739,2736,2732,2724,2711,2695,2673,2652,2630,2599,2569,2536,2502,2467,2431,2396,2357,2320,2288,2252,2222,2191,2163,2139,2115,2096,2081,2068,2059,2055,2055,2058,2065,2077,2092,2108,2130,2151,2180,2210,2240,2273,2308,2345,2380,2415,2452,2488,2523,2558,2588,2616,2644,2668,2687,2706,2720,2730,2737,2740,2739,2729,2723,2708,2691,2675,2651,2623,2594,2565,2531,2497,2462,2424,2388,2354,2316,2281,2247,2217,2187,2158,2135,2112,2094,2080,2067,2060,2056,2054,2059,2067,2076,2092,2113,2134,2157,2187,2216,2246,2280,2313,2351,2388,2424,2460,2495,2530,2563,2594,2623,2648,2673,2692,2710,2723,2732,2737,2742,2737,2729,2725,2707,2689,2671,2646,2619,2590,2560,2526,2492,2456,2419,2383,2347,2311,2275,2243,2213,2183,2156,2131,2110,2093,2078,2067,2057,2057,2056,2065,2070,2080,2096,2115,2140,2163,2192,2223,2252,2287,2322,2358,2393,2431,2467,2503,2536,2569,2600,2628,2654,2677,2697,2712,2724,2733,2737,2743,2739,2732,2721,2706,2688,2664,2643,2614,2585,2555,2520,2484,2448,2412,2376,2342,2306,2271,2238,2206,2179,2151,2127,2107,2089,2076,2064,2059,2056,2059,2059,2072,2085,2099,2119,2141,2171,2198,2227,2260,2293,2328,2364,2336,2300,2264,2047,2046,2051,2055,2065,2078,2097,2118,2142,2168,2198,2230,2263,2298,2335,2370,2406,2444,2480,2515,2548,2582,2611,2639,2660,2683,2700,2712,2723,2729,2732,2732,2722,2711,2700,2680,2659,2633,2606,2571,2536,2499,2464,2428,2391,2353,2315,2272,2231,2199,2171,2143,2121,2099,2083,2070,2059,2053,2050,2056,2059,2068,2083,2099,2119,2143,2169,2200,2229,2262,2301,2335,2371,2409,2445,2481,2516,2551,2582,2612,2639,2664,2686,2703,2716,2727,2733,2736,2734,2727,2718,2704,2686,2664,2641,2614,2584,2553,2519,2483,2447,2410,2374,2336,2302,2265,2232,2202,2172,2144,2121,2102,2083,2069,2060,2056,2052,2054,2060,2072,2085,2100,2123,2147,2174,2203,2235,2267,2303,2336,2375,2411,2447,2484,2523,2555,2585,2616,2643,2666,2687,2705,2719,2728,2736,2741,2734,2727,2720,2705,2687,2664,2643,2615,2585,2553,2520,2483,2449,2411,2374,2338,2303,2265,2233,2203,2175,2147,2122,2100,2088,2071,2063,2056,2055,2055,2062,2074,2087,2104,2125,2147,2175,2204,2236,2268,2303,2339,2377,2414,2451,2487,2524,2556,2590,2619,2646,2668,2689,2706,2719,2731,2736,2742,2736,2727,2719,2704,2691,2664,2643,2615,2586,2552,2520,2484,2448,2409,2372,2337,2302,2267,2234,2201,2174,2147,2123,2101,2085,2072,2063,2056,2055,2056,2063,2072,2087,2105,2126,2151,2177,2207,2236,2271,2308,2341,2380,2414,2452,2490,2524,2558,2590,2619,2648,2670,2691,2707,2722,2732,2739,2742,2740,2731,2718,2704,2689,2668,2643,2614,2585,2555,2520,2484,2449,2104,2086,2072,2061,2055,2055,2056,2062,2071,2084,2101,2120,2144,2171,2201,2231,2264,2300,2335,2371,2408,2444,2480,2518,2552,2584,2616,2641,2663,2686,2703,2719,2728,2735,2739,2735,2733,2719,2704,2689,2668,2643,2619,2588,2556,2521,2487,2448,2415,2377,2342,2305,2267,2236,2204,2176,2148,2125,2103,2087,2073,2062,2057,2055,2056,2062,2070,2086,2104,2123,2146,2172,2203,2233,2267,2302,2339,2375,2415,2448,2484,2521,2553,2587,2616,2643,2667,2687,2707,2720,2732,2737,2743,2736,2731,2722,2707,2688,2668,2646,2619,2590,2557,2523,2487,2448,2414,2376,2339,2305,2270,2236,2205,2175,2148,2124,2103,2087,2072,2063,2055,2055,2056,2063,2073,2087,2102,2125,2148,2175,2204,2235,2268,2304,2340,2377,2414,2448,2487,2521,2556,2588,2616,2645,2670,2735,2737,2736,2734,2727,2712,2696,2677,2656,2630,2601,2571,2537,2503,2464,2431,2394,2356,2318,2285,2251,2217,2188,2161,2135,2113,2094,2079,2066,2057,2055,2055,2060,2068,2079,2095,2112,2137,2163,2190,2221,2253,2287,2323,2359,2396,2435,2470,2505,2541,2574,2601,2632,2658,2680,2700,2713,2727,2735,2737,2740,2736,2727,2714,2697,2679,2656,2630,2601,2570,2537,2503,2467,2430,2395,=== End Window ===



2664,2701,2695,2691,2681,2665,2648,2628,2604,2577,2550,2520,2485,2451,2416,2380,2344,2311,2275,2240,2209,2179,2151,2124,2101,2080,2064,2049,2039,2033,2032,2031,2038,2048,2060,2076,2098,2118,2147,2172,2204,2236,2268,2305,2340,2377,2413,2449,2483,2518,2550,2582,2608,2633,2656,2676,2691,2703,2712,2716,2716,2712,2704,2693,2680,2662,2640,2617,2586,2558,2529,2493,2460,2424,2387,2352,2317,2283,2248,2214,2185,2158,2132,2109,2090,2072,2059,2051,2044,2043,2045,2051,2061,2073,2091,2110,2135,2160,2188,2219,2252,2285,2321,2356,2395,2431,2466,2502,2534,2566,2596,2624,2648,2669,2689,2704,2716,2723,2727,2726,2723,2716,2702,2684,2667,2647,2622,2592,2562,2530,2496,2462,2425,2388,2353,2317,2283,2250,2216,2188,2160,2134,2112,2092,2076,2063,2054,2048,2048,2051,2057,2068,2083,2099,2121,2145,2172,2201,2230,2263,2297,2334,2369,2406,2443,2479,2513,2547,2577,2608,2634,2659,2679,2697,2712,2723,2732,2735,2732,2727,2718,2705,2689,2668,2649,2622,2592,2564,2529,2495,2460,2424,2390,2352,2316,2283,2247,2217,2187,2159,2133,2111,2092,2076,2067,2059,2051,2051,2055,2062,2074,2088,2104,2127,2151,2177,2209,2240,2273,2305,2343,2380,2415,2454,2488,2523,2556,2587,2619,2643,2665,2688,2703,2718,2729,2734,2739,2734,2730,2719,2704,2688,2668,2647,2619,2591,2561,2527,2492,2457,2420,2385,2349,2312,2278,2244,2212,2183,2157,2132,2110,2092,2076,2067,2055,2054,2052,2059,2066,2078,2095,2113,2133,2156,2184,2219,2248,2281,2316,2352,2388,2424,2460,2495,2531,2564,2593,2623,2651,2673,2694,2708,2723,2731,2737,2739,2737,2730,2719,2705,2687,2666,2643,2616,2588,2556,2522,2488,2453,2415,2380,2343,2307,2272,2239,2209,2179,2154,2129,2107,2092,2072,2064,2057,2055,2055,2062,2067,2083,2097,2115,2138,2163,2191,2224,2254,2288,2326,2359,2396,2433,2468,2503,2538,2572,2601,2630,2656,2677,2698,2712,2727,2735,2739,2740,2736,2731,2719,2701,2686,2664,2639,2612,2584,2551,2516,2483,2447,2408,2375,2337,2303,2268,2233,2204,2175,2148,2126,2104,2088,2076,2064,2056,2055,2056,2063,2072,2084,2100,2119,2143,2172,2198,2227,2261,2295,2329,2366,2401,2439,2475,2510,2543,2576,2608,2635,2657,2680,2700,2716,2727,2735,2739,2739,2736,2727,2718,2700,2682,2660,2636,2609,2577,2547,2512,2478,2441,2404,2367,2332,2298,2264,2228,2200,2171,2145,2123,2100,2085,2073,2063,2057,2056,2059,2063,2075,2088,2104,2124,2147,2174,2203,2235,2267,2302,2337,2373,2408,2446,2483,2516,2550,2582,2611,2639,2664,2685,2703,2719,2731,2736,2743,2739,2736,2726,2716,2697,2680,2657,2631,2604,2572,2538,2506,2471,2435,2399,2362,2325,2291,2257,2222,2195,2166,2140,2118,2099,2083,2071,2062,2055,2727,2721,2710,2694,2675,2655,2630,2601,2572,2540,2505,2471,2435,2397,2361,2326,2288,2255,2220,2189,2163,2136,2113,2093,2079,2063,2057,2051,2295,2332,2367,2404,2443,2478,2512,2547,2579,2608,2636,2662,2684,2704,2715,2726,2727,2731,2727,2718,2706,2686,2664,2642,2615,2588,2556,2523,2486,2451,2415,2378,2342,2304,2268,2236,2207,2175,2150,2123,2103,2086,2070,2059,2053,2050,2051,2057,2067,2080,2096,2115,2139,2167,2192,2225,2259,2293,2329,2366,2401,2439,2476,2511,2545,2577,2607,2636,2659,2681,2700,2715,2724,2734,2736,2734,2729,2719,2705,2687,2668,2646,2618,2589,2559,2525,2489,2454,2416,2380,2343,2308,2271,2239,2207,2178,2150,2126,2103,2086,2073,2063,2056,2053,2054,2060,2068,2083,2099,2119,2142,2168,2198,2228,2262,2296,2332,2370,2407,2442,2479,2515,2549,2581,2611,2639,2663,2685,2702,2716,2727,2735,2739,2736,2731,2719,2708,2691,2671,2648,2622,2591,2559,2524,2489,2454,2416,2382,2343,2309,2273,2237,2208,2177,2148,2127,2105,2087,2073,2063,2056,2054,2055,2063,2070,2083,2099,2121,2145,2171,2200,2230,2264,2298,2335,2371,2408,2445,2481,2517,2551,2584,2611,2641,2665,2687,2703,2719,2729,2737,2740,2737,2732,2720,2710,2694,2671,2648,2616,2590,2561,2526,2489,2455,2417,2380,2344,2308,2272,2238,2208,2175,2151,2127,2105,2088,2074,2063,2058,2055,2057,2063,2071,2085,2103,2123,2145,2172,2201,2232,2266,2303,2337,2375,2410,2447,2485,2519,2554,2585,2615,2643,2668,2688,2706,2721,2731,2739,2742,2739,2732,2726,2708,2692,2672,2647,2619,2591,2559,2527,2490,2456,2416,2380,2343,2307,2272,2238,2207,2178,2150,2123,2105,2089,2075,2063,2059,2055,2059,2063,2071,2086,2104,2123,2147,2174,2204,2233,2268,2303,2337,2375,2412,2448,2484,2521,2555,2587,2616,2644,2667,2688,2708,2721,2732,2739,2741,2739,2734,2723,2708,2692,2672,2647,2620,2590,2559,2524,2488,2454,2416,2380,2342,2307,2271,2237,2207,2177,2150,2127,2104,2088,2075,2064,2058,2055,2058,2064,2072,2088,2104,2126,2148,2175,2204,2235,2268,2303,2340,2375,2412,2450,2487,2522,2556,2588,2618,2644,2669,2691,2707,2721,2734,2739,2742,2736,2734,2719,2708,2691,2670,2647,2620,2591,2558,2524,2488,2451,2416,2378,2342,2305,2270,2236,2206,2177,2148,2127,2105,2087,2073,2064,2059,2055,2059,2063,2075,2088,2104,2125,2148,2176,2204,2236,2270,2305,2340,2378,2414,2451,2487,2524,2558,2588,2619,2644,2670,2692,2708,2723,2734,2738,2743,2739,2733,2723,2708,2691,2668,2645,2620,2588,2557,2524,2488,2451,2414,2378,2341,2305,2268,2236,2205,2176,2148,2125,2105,2086,2072,2062,2058,2056,2058,2064,2074,2088,2104,2126,2149,2177,2206,2237,2271,2307,2343,2379,2416,2454,2488,2525,=== End Window ===



=== Triggered Window (raw values) ===

2207,2175,2150,2123,2103,2086,2070,2059,2053,2050,2051,2057,2067,2080,2096,2115,2139,2167,2192,2225,2259,2293,2329,2366,2401,2439,2476,2511,2545,2577,2607,2636,2659,2681,2700,2715,2724,2734,2736,2734,2729,2719,2705,2687,2668,2646,2618,2589,2559,2525,2489,2454,2416,2380,2343,2308,2271,2239,2207,2178,2150,2126,2103,2086,2073,2063,2056,2053,2054,2060,2068,2083,2099,2119,2142,2168,2198,2228,2262,2296,2332,2370,2407,2442,2479,2515,2549,2581,2611,2639,2663,2685,2702,2716,2727,2735,2739,2736,2731,2719,2708,2691,2671,2648,2622,2591,2559,2524,2489,2454,2416,2382,2343,2309,2273,2237,2208,2177,2148,2127,2105,2087,2073,2063,2056,2054,2055,2063,2070,2083,2099,2121,2145,2171,2200,2230,2264,2298,2335,2371,2408,2445,2481,2517,2551,2584,2611,2641,2665,2687,2703,2719,2729,2737,2740,2737,2732,2720,2710,2694,2671,2648,2616,2590,2561,2526,2489,2455,2417,2380,2344,2308,2272,2238,2208,2175,2151,2127,2105,2088,2074,2063,2058,2055,2057,2063,2071,2085,2103,2123,2145,2172,2201,2232,2266,2303,2337,2375,2410,2447,2485,2519,2554,2585,2615,2643,2668,2688,2706,2721,2731,2739,2742,2739,2732,2726,2708,2692,2672,2647,2619,2591,2559,2527,2490,2456,2416,2380,2343,2307,2272,2238,2207,2178,2150,2123,2105,2089,2075,2063,2059,2055,2059,2063,2071,2086,2104,2123,2147,2174,2204,2233,2268,2303,2337,2375,2412,2448,2484,2521,2555,2587,2616,2644,2667,2688,2708,2721,2732,2739,2741,2739,2734,2723,2708,2692,2672,2647,2620,2590,2559,2524,2488,2454,2416,2380,2342,2307,2271,2237,2207,2177,2150,2127,2104,2088,2075,2064,2058,2055,2058,2064,2072,2088,2104,2126,2148,2175,2204,2235,2268,2303,2340,2375,2412,2450,2487,2522,2556,2588,2618,2644,2669,2691,2707,2721,2734,2739,2742,2736,2734,2719,2708,2691,2670,2647,2620,2591,2558,2524,2488,2451,2416,2378,2342,2305,2270,2236,2206,2177,2148,2127,2105,2087,2073,2064,2059,2055,2059,2063,2075,2088,2104,2125,2148,2176,2204,2236,2270,2305,2340,2378,2414,2451,2487,2524,2558,2588,2619,2644,2670,2692,2708,2723,2734,2738,2743,2739,2733,2723,2708,2691,2668,2645,2620,2588,2557,2524,2488,2451,2414,2378,2341,2305,2268,2236,2205,2176,2148,2125,2105,2086,2072,2062,2058,2056,2058,2064,2074,2088,2104,2126,2149,2177,2206,2237,2271,2307,2343,2379,2416,2454,2488,2525,



2491,2668,2681,2691,2698,2702,2700,2695,2684,2671,2655,2635,2612,2587,2558,2527,2495,2462,2427,2391,2355,2320,2284,2252,2219,2186,2158,2131,2108,2086,2068,2053,2044,2035,2032,2033,2038,2047,2057,2072,2093,2114,2140,2167,2198,2228,2262,2297,2332,2369,2405,2440,2479,2511,2544,2575,2603,2630,2652,2671,2687,2702,2708,2718,2719,2716,2710,2698,2684,2667,2648,2625,2598,2567,2536,2504,2470,2433,2398,2363,2327,2291,2255,2224,2192,2164,2138,2119,2092,2076,2063,2050,2046,2042,2043,2049,2057,2070,2086,2107,2128,2152,2182,2212,2244,2281,2311,2348,2385,2423,2457,2492,2528,2559,2591,2617,2643,2665,2686,2700,2713,2723,2726,2728,2724,2716,2705,2691,2672,2651,2627,2600,2571,2540,2506,2471,2435,2399,2364,2327,2292,2260,2224,2196,2168,2140,2116,2096,2079,2064,2056,2051,2048,2051,2057,2067,2079,2094,2115,2136,2163,2193,2223,2255,2290,2324,2363,2398,2433,2471,2504,2540,2571,2603,2629,2655,2676,2695,2712,2721,2729,2732,2732,2729,2721,2708,2695,2675,2652,2628,2599,2571,2539,2504,2471,2433,2398,2361,2325,2291,2257,2223,2193,2167,2140,2118,2096,2081,2069,2058,2052,2054,2056,2062,2072,2085,2102,2121,2145,2174,2202,2231,2264,2300,2335,2372,2407,2444,2480,2515,2548,2580,2609,2637,2660,2683,2701,2716,2727,2732,2739,2735,2731,2722,2710,2695,2672,2652,2631,2599,2567,2535,2501,2466,2430,2395,2355,2320,2287,2252,2221,2191,2162,2137,2115,2095,2079,2068,2060,2055,2054,2056,2064,2076,2090,2108,2129,2153,2181,2209,2239,2273,2307,2343,2380,2416,2451,2488,2523,2556,2588,2616,2643,2670,2688,2705,2721,2728,2737,2740,2737,2732,2719,2710,2692,2673,2650,2623,2595,2566,2531,2499,2462,2426,2389,2353,2318,2281,2247,2216,2186,2158,2135,2112,2094,2079,2067,2060,2055,2056,2059,2066,2079,2094,2111,2134,2158,2184,2216,2247,2279,2315,2350,2389,2424,2459,2495,2530,2563,2595,2623,2649,2673,2691,2710,2723,2730,2739,2742,2742,2732,2723,2707,2691,2671,2647,2619,2591,2559,2527,2491,2456,2420,2383,2348,2311,2275,2243,2211,2182,2156,2132,2110,2092,2078,2067,2059,2055,2055,2061,2069,2082,2096,2116,2139,2164,2191,2223,2254,2284,2321,2359,2395,2432,2467,2502,2536,2568,2599,2628,2655,2678,2697,2713,2724,2734,2739,2742,2738,2731,2720,2705,2688,2666,2643,2615,2585,2554,2523,2484,2449,2413,2377,2340,2307,2270,2238,2208,2179,2151,2127,2108,2089,2075,2065,2059,2056,2056,2063,2072,2083,2100,2120,2142,2169,2198,2227,2260,2294,2328,2364,2401,2437,2473,2508,2543,2575,2604,2633,2659,2681,2699,2715,2728,2736,2740,2740,2736,2727,2719,2703,2684,2663,2638,2611,2580,2549,2515,2480,2444,2408,2371,2335,2300,2265,2232,2203,2174,2146,2124,2103,2713,2723,2728,2734,2729,2723,2712,2697,2681,2659,2635,2609,2579,2547,2479,2479,2083,2068,2057,2050,2047,2047,2054,2063,2075,2091,2115,2133,2160,2190,2219,2254,2286,2322,2356,2397,2432,2471,2507,2543,2579,2611,2639,2662,2683,2699,2713,2725,2732,2731,2728,2719,2707,2691,2673,2651,2623,2595,2564,2530,2496,2462,2425,2387,2351,2315,2279,2246,2214,2183,2155,2131,2108,2089,2074,2063,2054,2051,2052,2056,2064,2075,2092,2111,2135,2160,2188,2219,2249,2284,2319,2356,2392,2430,2467,2503,2536,2569,2601,2630,2655,2678,2695,2712,2723,2732,2736,2735,2732,2723,2710,2694,2675,2652,2627,2598,2566,2535,2497,2463,2425,2389,2353,2317,2280,2247,2216,2184,2156,2132,2111,2091,2073,2064,2056,2054,2052,2059,2067,2079,2095,2115,2136,2163,2190,2222,2253,2288,2323,2361,2398,2435,2471,2505,2541,2572,2604,2632,2657,2680,2700,2714,2726,2734,2739,2736,2734,2724,2712,2696,2675,2654,2627,2599,2568,2534,2500,2463,2427,2390,2354,2316,2280,2247,2215,2180,2158,2133,2110,2093,2076,2067,2059,2055,2055,2060,2068,2080,2096,2115,2137,2163,2192,2223,2257,2291,2327,2363,2398,2438,2473,2508,2544,2575,2607,2636,2659,2683,2701,2716,2728,2735,2739,2738,2734,2724,2713,2697,2676,2655,2627,2599,2568,2535,2500,2463,2428,2391,2352,2316,2283,2247,2215,2185,2157,2133,2111,2094,2077,2067,2058,2055,2055,2060,2069,2082,2099,2116,2139,2166,2194,2224,2259,2291,2329,2365,2401,2438,2475,2511,2544,2576,2608,2636,2662,2684,2702,2716,2729,2735,2740,2739,2734,2725,2713,2697,2676,2655,2627,2599,2568,2535,2500,2462,2425,2390,2352,2316,2280,2247,2214,2183,2156,2132,2111,2092,2079,2067,2059,2056,2055,2060,2068,2083,2098,2119,2140,2166,2195,2226,2259,2293,2329,2365,2401,2440,2476,2511,2547,2579,2609,2637,2661,2684,2703,2719,2729,2736,2744,2739,2732,2725,2712,2700,2676,2654,2627,2599,2567,2534,2498,2465,2425,2387,2352,2315,2281,2247,2215,2183,2157,2131,2111,2093,2078,2067,2059,2055,2056,2061,2071,2083,2099,2119,2142,2172,2195,2226,2260,2295,2331,2367,2402,2439,2478,2513,2547,2579,2611,2639,2662,2686,2703,2719,2731,2736,2743,2736,2735,2726,2711,2697,2676,2654,2627,2598,2567,2534,2496,2461,2424,2388,2351,2313,2279,2247,2215,2183,2157,2132,2111,2092,2076,2065,2060,2056,2057,2061,2072,2084,2098,2119,2142,2168,2198,2227,2261,2296,2332,2368,2403,2439,2479,2513,2549,2581,2611,2641,2665,2687,2703,2720,2731,2738,2742,2739,2734,2727,2712,2696,2675,2654,2626,2598,2567,2531,2497,2463,2424,2386,2351,2313,2278,2244,2213,2182,2156,2131,2109,2092,2076,2065,2059,2056,2057,2062,2073,2083,2100,2120,2143,2169,2199,2228,2263,2296,2332,2371,


2256,2025,2024,2033,2044,2060,2075,2098,2121,2147,2176,2207,2240,2273,2309,2343,2382,2418,2452,2488,2521,2553,2582,2610,2635,2655,2673,2687,2699,2707,2710,2707,2703,2694,2682,2667,2648,2627,2600,2573,2544,2511,2478,2441,2407,2371,2335,2299,2264,2232,2201,2171,2143,2117,2096,2078,2060,2052,2044,2038,2041,2039,2047,2062,2076,2092,2113,2136,2164,2198,2224,2258,2291,2329,2365,2401,2438,2472,2508,2541,2573,2603,2628,2652,2672,2691,2704,2714,2720,2724,2720,2717,2709,2694,2678,2656,2633,2608,2579,2550,2515,2481,2446,2409,2375,2339,2303,2271,2234,2204,2175,2147,2124,2102,2083,2069,2055,2049,2046,2044,2050,2058,2071,2085,2104,2127,2148,2177,2207,2239,2272,2305,2343,2379,2415,2451,2487,2522,2556,2586,2615,2640,2663,2681,2700,2715,2723,2729,2731,2728,2723,2712,2698,2682,2662,2636,2611,2580,2550,2516,2482,2446,2411,2373,2337,2303,2268,2235,2204,2175,2147,2123,2104,2086,2071,2062,2052,2050,2050,2056,2065,2075,2092,2111,2133,2159,2187,2217,2249,2283,2318,2354,2390,2427,2463,2497,2534,2565,2596,2623,2650,2672,2692,2708,2719,2728,2734,2738,2728,2726,2714,2697,2684,2659,2639,2609,2580,2548,2515,2479,2441,2407,2372,2335,2300,2264,2232,2203,2173,2145,2124,2102,2087,2072,2062,2055,2052,2052,2060,2068,2084,2099,2118,2140,2168,2195,2224,2257,2291,2327,2363,2398,2435,2471,2508,2542,2572,2603,2631,2656,2679,2697,2713,2724,2732,2737,2737,2734,2726,2716,2697,2680,2657,2635,2607,2575,2543,2510,2476,2439,2402,2364,2331,2296,2262,2228,2198,2168,2143,2120,2101,2087,2070,2065,2056,2054,2057,2063,2072,2087,2102,2124,2145,2173,2203,2232,2265,2300,2334,2372,2407,2444,2480,2515,2547,2579,2611,2639,2662,2684,2702,2718,2729,2735,2740,2739,2735,2724,2713,2699,2676,2657,2631,2604,2574,2542,2504,2471,2434,2398,2363,2326,2291,2256,2224,2194,2164,2140,2118,2099,2083,2070,2060,2056,2055,2057,2065,2077,2090,2107,2128,2151,2178,2207,2239,2272,2308,2343,2380,2414,2451,2486,2521,2555,2588,2616,2643,2667,2688,2705,2719,2731,2738,2740,2739,2735,2724,2711,2697,2676,2651,2628,2598,2568,2536,2499,2464,2428,2393,2356,2319,2284,2252,2220,2190,2164,2138,2115,2096,2082,2070,2062,2056,2055,2058,2068,2078,2093,2112,2134,2157,2184,2215,2244,2279,2312,2349,2387,2422,2456,2493,2528,2560,2592,2622,2649,2671,2694,2708,2721,2734,2737,2740,2737,2735,2723,2705,2695,2672,2649,2623,2592,2564,2529,2495,2460,2424,2384,2351,2313,2279,2247,2215,2184,2158,2134,2111,2093,2079,2067,2057,2057,2053,2061,2068,2079,2097,2115,2137,2160,2190,2222,2248,2284,2319,2355,2392,2427,2464,2500,2534,2568,2599,2627,2654,2676,2696,2713,2725,2734,2737,2051,2059,2068,2083,2101,2121,2145,2174,2604,2631,2656,2678,2694,2710,2719,2727,2727,2729,2723,2711,2699,2681,2662,2638,2610,2582,2552,2518,2482,2446,2409,2372,2335,2300,2264,2232,2200,2172,2140,2116,2095,2080,2067,2055,2049,2050,2051,2062,2072,2090,2111,2132,2159,2187,2219,2248,2283,2319,2354,2393,2431,2466,2502,2537,2569,2601,2628,2655,2675,2695,2710,2721,2729,2736,2733,2731,2719,2711,2692,2671,2649,2624,2595,2565,2532,2496,2462,2424,2387,2350,2314,2279,2244,2212,2182,2155,2130,2108,2091,2075,2063,2055,2051,2052,2059,2067,2079,2095,2114,2135,2163,2190,2220,2255,2288,2323,2360,2396,2434,2471,2505,2537,2575,2604,2632,2656,2679,2697,2712,2726,2732,2737,2736,2732,2723,2711,2692,2675,2652,2624,2596,2566,2532,2499,2462,2425,2389,2352,2312,2279,2247,2215,2183,2156,2131,2109,2092,2076,2065,2056,2054,2053,2060,2067,2080,2095,2116,2138,2163,2193,2223,2257,2291,2327,2362,2399,2437,2475,2508,2543,2575,2607,2634,2660,2681,2700,2716,2727,2733,2739,2736,2734,2724,2710,2695,2674,2654,2627,2596,2567,2534,2499,2462,2425,2388,2354,2316,2279,2246,2214,2183,2156,2131,2109,2092,2077,2067,2058,2056,2056,2059,2066,2081,2096,2116,2140,2166,2195,2225,2259,2292,2328,2365,2402,2438,2473,2511,2546,2579,2609,2636,2660,2683,2701,2718,2729,2736,2740,2739,2734,2723,2712,2696,2675,2652,2627,2596,2567,2532,2497,2463,2425,2387,2352,2314,2279,2247,2214,2183,2156,2131,2109,2091,2078,2067,2058,2055,2055,2061,2070,2083,2097,2119,2141,2168,2196,2226,2259,2295,2330,2364,2404,2441,2479,2513,2547,2579,2608,2636,2663,2684,2703,2719,2730,2736,2743,2739,2737,2726,2712,2695,2675,2653,2626,2596,2567,2532,2496,2463,2422,2388,2352,2312,2278,2245,2214,2183,2156,2131,2111,2092,2076,2065,2058,2055,2055,2060,2070,2083,2099,2119,2142,2168,2196,2227,2261,2295,2332,2367,2403,2439,2479,2513,2547,2580,2611,2639,2663,2686,2704,2718,2731,2736,2740,2739,2734,2724,2712,2695,2675,2654,2625,2599,2564,2531,2497,2461,2424,2387,2350,2314,2277,2244,2213,2183,2155,2130,2108,2092,2076,2065,2059,2055,2055,2060,2070,2083,2100,2121,2143,2168,2198,2227,2263,2296,2332,2370,2406,2444,2479,2515,2550,2584,2611,2640,2664,2687,2705,2719,2730,2736,2743,2740,2735,2726,2711,2694,2676,2652,2626,2595,2564,2531,2496,2462,2423,2385,2348,2312,2277,2243,2211,2183,2155,2131,2108,2091,2076,2065,2057,2055,2055,2060,2072,2083,2100,2119,2144,2172,2199,2230,2264,2299,2334,2370,2408,2445,2481,2516,2551,2583,2614,2641,2664,2687,2706,2720,2731,2737,2745,2740,2732,2723,2712,2695,2676,2651,2624,2594,2563,2531,2496,2459,2422,2385,2348,2312,2276,


2742,2356,2318,2284,2249,2219,2187,2158,2131,2107,2086,2067,2052,2041,2034,2028,2028,2031,2039,2052,2065,2084,2108,2131,2158,2188,2218,2251,2285,2322,2358,2395,2431,2464,2500,2534,2564,2595,2620,2643,2663,2681,2695,2707,2712,2713,2712,2706,2695,2686,2666,2647,2623,2597,2567,2538,2505,2471,2436,2396,2366,2329,2293,2259,2227,2196,2166,2140,2115,2095,2077,2062,2051,2043,2040,2040,2045,2052,2064,2081,2099,2123,2146,2175,2205,2236,2270,2303,2340,2376,2412,2449,2484,2520,2553,2583,2611,2637,2659,2678,2696,2710,2717,2723,2727,2727,2715,2707,2691,2675,2654,2631,2604,2574,2543,2508,2475,2439,2404,2368,2332,2296,2262,2228,2198,2169,2142,2119,2097,2080,2066,2056,2050,2047,2046,2052,2061,2073,2089,2110,2132,2158,2186,2215,2248,2283,2318,2355,2388,2427,2460,2497,2532,2563,2595,2623,2648,2668,2689,2704,2718,2727,2729,2731,2729,2720,2708,2695,2676,2656,2632,2604,2575,2543,2510,2475,2438,2401,2367,2329,2295,2263,2227,2198,2169,2143,2120,2099,2083,2068,2062,2054,2051,2053,2059,2068,2079,2095,2118,2140,2165,2195,2225,2260,2292,2328,2364,2399,2436,2473,2508,2542,2572,2604,2631,2656,2679,2696,2712,2721,2731,2734,2734,2735,2723,2712,2700,2676,2655,2632,2601,2572,2540,2507,2471,2433,2398,2362,2327,2292,2259,2225,2196,2168,2140,2119,2098,2081,2068,2059,2054,2055,2056,2060,2074,2087,2104,2124,2147,2174,2204,2233,2267,2300,2336,2372,2408,2446,2480,2516,2551,2582,2609,2639,2663,2684,2702,2716,2727,2733,2739,2736,2732,2724,2711,2695,2673,2652,2630,2599,2569,2536,2502,2467,2431,2396,2357,2320,2288,2252,2222,2191,2163,2139,2115,2096,2081,2068,2059,2055,2055,2058,2065,2077,2092,2108,2130,2151,2180,2210,2240,2273,2308,2345,2380,2415,2452,2488,2523,2558,2588,2616,2644,2668,2687,2706,2720,2730,2737,2740,2739,2729,2723,2708,2691,2675,2651,2623,2594,2565,2531,2497,2462,2424,2388,2354,2316,2281,2247,2217,2187,2158,2135,2112,2094,2080,2067,2060,2056,2054,2059,2067,2076,2092,2113,2134,2157,2187,2216,2246,2280,2313,2351,2388,2424,2460,2495,2530,2563,2594,2623,2648,2673,2692,2710,2723,2732,2737,2742,2737,2729,2725,2707,2689,2671,2646,2619,2590,2560,2526,2492,2456,2419,2383,2347,2311,2275,2243,2213,2183,2156,2131,2110,2093,2078,2067,2057,2057,2056,2065,2070,2080,2096,2115,2140,2163,2192,2223,2252,2287,2322,2358,2393,2431,2467,2503,2536,2569,2600,2628,2654,2677,2697,2712,2724,2733,2737,2743,2739,2732,2721,2706,2688,2664,2643,2614,2585,2555,2520,2484,2448,2412,2376,2342,2306,2271,2238,2206,2179,2151,2127,2107,2089,2076,2064,2059,2056,2059,2059,2072,2085,2099,2119,2141,2171,2198,2227,2260,2293,2328,2364,2336,2300,2264,2047,2046,2051,2055,2065,2078,2097,2118,2142,2168,2198,2230,2263,2298,2335,2370,2406,2444,2480,2515,2548,2582,2611,2639,2660,2683,2700,2712,2723,2729,2732,2732,2722,2711,2700,2680,2659,2633,2606,2571,2536,2499,2464,2428,2391,2353,2315,2272,2231,2199,2171,2143,2121,2099,2083,2070,2059,2053,2050,2056,2059,2068,2083,2099,2119,2143,2169,2200,2229,2262,2301,2335,2371,2409,2445,2481,2516,2551,2582,2612,2639,2664,2686,2703,2716,2727,2733,2736,2734,2727,2718,2704,2686,2664,2641,2614,2584,2553,2519,2483,2447,2410,2374,2336,2302,2265,2232,2202,2172,2144,2121,2102,2083,2069,2060,2056,2052,2054,2060,2072,2085,2100,2123,2147,2174,2203,2235,2267,2303,2336,2375,2411,2447,2484,2523,2555,2585,2616,2643,2666,2687,2705,2719,2728,2736,2741,2734,2727,2720,2705,2687,2664,2643,2615,2585,2553,2520,2483,2449,2411,2374,2338,2303,2265,2233,2203,2175,2147,2122,2100,2088,2071,2063,2056,2055,2055,2062,2074,2087,2104,2125,2147,2175,2204,2236,2268,2303,2339,2377,2414,2451,2487,2524,2556,2590,2619,2646,2668,2689,2706,2719,2731,2736,2742,2736,2727,2719,2704,2691,2664,2643,2615,2586,2552,2520,2484,2448,2409,2372,2337,2302,2267,2234,2201,2174,2147,2123,2101,2085,2072,2063,2056,2055,2056,2063,2072,2087,2105,2126,2151,2177,2207,2236,2271,2308,2341,2380,2414,2452,2490,2524,2558,2590,2619,2648,2670,2691,2707,2722,2732,2739,2742,2740,2731,2718,2704,2689,2668,2643,2614,2585,2555,2520,2484,2449,2104,2086,2072,2061,2055,2055,2056,2062,2071,2084,2101,2120,2144,2171,2201,2231,2264,2300,2335,2371,2408,2444,2480,2518,2552,2584,2616,2641,2663,2686,2703,2719,2728,2735,2739,2735,2733,2719,2704,2689,2668,2643,2619,2588,2556,2521,2487,2448,2415,2377,2342,2305,2267,2236,2204,2176,2148,2125,2103,2087,2073,2062,2057,2055,2056,2062,2070,2086,2104,2123,2146,2172,2203,2233,2267,2302,2339,2375,2415,2448,2484,2521,2553,2587,2616,2643,2667,2687,2707,2720,2732,2737,2743,2736,2731,2722,2707,2688,2668,2646,2619,2590,2557,2523,2487,2448,2414,2376,2339,2305,2270,2236,2205,2175,2148,2124,2103,2087,2072,2063,2055,2055,2056,2063,2073,2087,2102,2125,2148,2175,2204,2235,2268,2304,2340,2377,2414,2448,2487,2521,2556,2588,2616,2645,2670,2735,2737,2736,2734,2727,2712,2696,2677,2656,2630,2601,2571,2537,2503,2464,2431,2394,2356,2318,2285,2251,2217,2188,2161,2135,2113,2094,2079,2066,2057,2055,2055,2060,2068,2079,2095,2112,2137,2163,2190,2221,2253,2287,2323,2359,2396,2435,2470,2505,2541,2574,2601,2632,2658,2680,2700,2713,2727,2735,2737,2740,2736,2727,2714,2697,2679,2656,2630,2601,2570,2537,2503,2467,2430,2395,



2664,2701,2695,2691,2681,2665,2648,2628,2604,2577,2550,2520,2485,2451,2416,2380,2344,2311,2275,2240,2209,2179,2151,2124,2101,2080,2064,2049,2039,2033,2032,2031,2038,2048,2060,2076,2098,2118,2147,2172,2204,2236,2268,2305,2340,2377,2413,2449,2483,2518,2550,2582,2608,2633,2656,2676,2691,2703,2712,2716,2716,2712,2704,2693,2680,2662,2640,2617,2586,2558,2529,2493,2460,2424,2387,2352,2317,2283,2248,2214,2185,2158,2132,2109,2090,2072,2059,2051,2044,2043,2045,2051,2061,2073,2091,2110,2135,2160,2188,2219,2252,2285,2321,2356,2395,2431,2466,2502,2534,2566,2596,2624,2648,2669,2689,2704,2716,2723,2727,2726,2723,2716,2702,2684,2667,2647,2622,2592,2562,2530,2496,2462,2425,2388,2353,2317,2283,2250,2216,2188,2160,2134,2112,2092,2076,2063,2054,2048,2048,2051,2057,2068,2083,2099,2121,2145,2172,2201,2230,2263,2297,2334,2369,2406,2443,2479,2513,2547,2577,2608,2634,2659,2679,2697,2712,2723,2732,2735,2732,2727,2718,2705,2689,2668,2649,2622,2592,2564,2529,2495,2460,2424,2390,2352,2316,2283,2247,2217,2187,2159,2133,2111,2092,2076,2067,2059,2051,2051,2055,2062,2074,2088,2104,2127,2151,2177,2209,2240,2273,2305,2343,2380,2415,2454,2488,2523,2556,2587,2619,2643,2665,2688,2703,2718,2729,2734,2739,2734,2730,2719,2704,2688,2668,2647,2619,2591,2561,2527,2492,2457,2420,2385,2349,2312,2278,2244,2212,2183,2157,2132,2110,2092,2076,2067,2055,2054,2052,2059,2066,2078,2095,2113,2133,2156,2184,2219,2248,2281,2316,2352,2388,2424,2460,2495,2531,2564,2593,2623,2651,2673,2694,2708,2723,2731,2737,2739,2737,2730,2719,2705,2687,2666,2643,2616,2588,2556,2522,2488,2453,2415,2380,2343,2307,2272,2239,2209,2179,2154,2129,2107,2092,2072,2064,2057,2055,2055,2062,2067,2083,2097,2115,2138,2163,2191,2224,2254,2288,2326,2359,2396,2433,2468,2503,2538,2572,2601,2630,2656,2677,2698,2712,2727,2735,2739,2740,2736,2731,2719,2701,2686,2664,2639,2612,2584,2551,2516,2483,2447,2408,2375,2337,2303,2268,2233,2204,2175,2148,2126,2104,2088,2076,2064,2056,2055,2056,2063,2072,2084,2100,2119,2143,2172,2198,2227,2261,2295,2329,2366,2401,2439,2475,2510,2543,2576,2608,2635,2657,2680,2700,2716,2727,2735,2739,2739,2736,2727,2718,2700,2682,2660,2636,2609,2577,2547,2512,2478,2441,2404,2367,2332,2298,2264,2228,2200,2171,2145,2123,2100,2085,2073,2063,2057,2056,2059,2063,2075,2088,2104,2124,2147,2174,2203,2235,2267,2302,2337,2373,2408,2446,2483,2516,2550,2582,2611,2639,2664,2685,2703,2719,2731,2736,2743,2739,2736,2726,2716,2697,2680,2657,2631,2604,2572,2538,2506,2471,2435,2399,2362,2325,2291,2257,2222,2195,2166,2140,2118,2099,2083,2071,2062,2055,2727,2721,2710,2694,2675,2655,2630,2601,2572,2540,2505,2471,2435,2397,2361,2326,2288,2255,2220,2189,2163,2136,2113,2093,2079,2063,2057,2051,2295,2332,2367,2404,2443,2478,2512,2547,2579,2608,2636,2662,2684,2704,2715,2726,2727,2731,2727,2718,2706,2686,2664,2642,2615,2588,2556,2523,2486,2451,2415,2378,2342,2304,2268,2236,2207,2175,2150,2123,2103,2086,2070,2059,2053,2050,2051,2057,2067,2080,2096,2115,2139,2167,2192,2225,2259,2293,2329,2366,2401,2439,2476,2511,2545,2577,2607,2636,2659,2681,2700,2715,2724,2734,2736,2734,2729,2719,2705,2687,2668,2646,2618,2589,2559,2525,2489,2454,2416,2380,2343,2308,2271,2239,2207,2178,2150,2126,2103,2086,2073,2063,2056,2053,2054,2060,2068,2083,2099,2119,2142,2168,2198,2228,2262,2296,2332,2370,2407,2442,2479,2515,2549,2581,2611,2639,2663,2685,2702,2716,2727,2735,2739,2736,2731,2719,2708,2691,2671,2648,2622,2591,2559,2524,2489,2454,2416,2382,2343,2309,2273,2237,2208,2177,2148,2127,2105,2087,2073,2063,2056,2054,2055,2063,2070,2083,2099,2121,2145,2171,2200,2230,2264,2298,2335,2371,2408,2445,2481,2517,2551,2584,2611,2641,2665,2687,2703,2719,2729,2737,2740,2737,2732,2720,2710,2694,2671,2648,2616,2590,2561,2526,2489,2455,2417,2380,2344,2308,2272,2238,2208,2175,2151,2127,2105,2088,2074,2063,2058,2055,2057,2063,2071,2085,2103,2123,2145,2172,2201,2232,2266,2303,2337,2375,2410,2447,2485,2519,2554,2585,2615,2643,2668,2688,2706,2721,2731,2739,2742,2739,2732,2726,2708,2692,2672,2647,2619,2591,2559,2527,2490,2456,2416,2380,2343,2307,2272,2238,2207,2178,2150,2123,2105,2089,2075,2063,2059,2055,2059,2063,2071,2086,2104,2123,2147,2174,2204,2233,2268,2303,2337,2375,2412,2448,2484,2521,2555,2587,2616,2644,2667,2688,2708,2721,2732,2739,2741,2739,2734,2723,2708,2692,2672,2647,2620,2590,2559,2524,2488,2454,2416,2380,2342,2307,2271,2237,2207,2177,2150,2127,2104,2088,2075,2064,2058,2055,2058,2064,2072,2088,2104,2126,2148,2175,2204,2235,2268,2303,2340,2375,2412,2450,2487,2522,2556,2588,2618,2644,2669,2691,2707,2721,2734,2739,2742,2736,2734,2719,2708,2691,2670,2647,2620,2591,2558,2524,2488,2451,2416,2378,2342,2305,2270,2236,2206,2177,2148,2127,2105,2087,2073,2064,2059,2055,2059,2063,2075,2088,2104,2125,2148,2176,2204,2236,2270,2305,2340,2378,2414,2451,2487,2524,2558,2588,2619,2644,2670,2692,2708,2723,2734,2738,2743,2739,2733,2723,2708,2691,2668,2645,2620,2588,2557,2524,2488,2451,2414,2378,2341,2305,2268,2236,2205,2176,2148,2125,2105,2086,2072,2062,2058,2056,2058,2064,2074,2088,2104,2126,2149,2177,2206,2237,2271,2307,2343,2379,2416,2454,2488,2525,=== End Window ===


